     | W0  | W1  | W2  | W3  | W4  | W5  | W6  | W7  | W8  | W9  | 
W0   | 0.0 | 0.144934753672781 | 0.17421667502564528 | 0.19874101409604228 | 0.3544390125796222 | 0.18434977443327574 | 0.18899139865953568 | 0.11001365607148852 | 0.20113339901909616 | 0.16984880107733558 | 
W1   | 0.144934753672781 | 0.0 | 0.18079727394844824 | 0.21823063156043346 | 0.3491301199090967 | 0.14036943839782345 | 0.18943201256561032 | 0.17123507256262774 | 0.2019480394275855 | 0.14752223266444053 | 
W2   | 0.17421667502564528 | 0.18079727394844824 | 0.0 | 0.2472849428689279 | 0.36505426166226257 | 0.13793787398018667 | 0.06947568996154747 | 0.1722183747382247 | 0.19593465885322328 | 0.10618707020299417 | 
W3   | 0.19874101409604228 | 0.21823063156043346 | 0.2472849428689279 | 0.0 | 0.30212938780113135 | 0.24391976396324533 | 0.24353547092959094 | 0.12627085097302898 | 0.22036409678503274 | 0.2528505733765087 | 
W4   | 0.3544390125796222 | 0.3491301199090967 | 0.36505426166226257 | 0.30212938780113135 | 0.0 | 0.36488614531866403 | 0.368183312417816 | 0.33283033277580415 | 0.35307003729824255 | 0.3693395751506545 | 
W5   | 0.18434977443327574 | 0.14036943839782345 | 0.13793787398018667 | 0.24391976396324533 | 0.36488614531866403 | 0.0 | 0.12966803353358508 | 0.19481008253163673 | 0.18938028638060492 | 0.08190469381559204 | 
W6   | 0.18899139865953568 | 0.18943201256561032 | 0.06947568996154747 | 0.24353547092959094 | 0.368183312417816 | 0.12966803353358508 | 0.0 | 0.18055262238926173 | 0.1799095152266912 | 0.12058203155582194 | 
W7   | 0.11001365607148852 | 0.17123507256262774 | 0.1722183747382247 | 0.12627085097302898 | 0.33283033277580415 | 0.19481008253163673 | 0.18055262238926173 | 0.0 | 0.18657795720698736 | 0.1854146539300597 | 
W8   | 0.20113339901909616 | 0.2019480394275855 | 0.19593465885322328 | 0.22036409678503274 | 0.35307003729824255 | 0.18938028638060492 | 0.1799095152266912 | 0.18657795720698736 | 0.0 | 0.2140463223895809 | 
W9   | 0.16984880107733558 | 0.14752223266444053 | 0.10618707020299417 | 0.2528505733765087 | 0.3693395751506545 | 0.08190469381559204 | 0.12058203155582194 | 0.1854146539300597 | 0.2140463223895809 | 0.0 | 


[[0.         0.14493475 0.17421668 0.19874101 0.35443901 0.18434977
  0.1889914  0.11001366 0.2011334  0.1698488 ]
 [0.14493475 0.         0.18079727 0.21823063 0.34913012 0.14036944
  0.18943201 0.17123507 0.20194804 0.14752223]
 [0.17421668 0.18079727 0.         0.24728494 0.36505426 0.13793787
  0.06947569 0.17221837 0.19593466 0.10618707]
 [0.19874101 0.21823063 0.24728494 0.         0.30212939 0.24391976
  0.24353547 0.12627085 0.2203641  0.25285057]
 [0.35443901 0.34913012 0.36505426 0.30212939 0.         0.36488615
  0.36818331 0.33283033 0.35307004 0.36933958]
 [0.18434977 0.14036944 0.13793787 0.24391976 0.36488615 0.
  0.12966803 0.19481008 0.18938029 0.08190469]
 [0.1889914  0.18943201 0.06947569 0.24353547 0.36818331 0.12966803
  0.         0.18055262 0.17990952 0.12058203]
 [0.11001366 0.17123507 0.17221837 0.12627085 0.33283033 0.19481008
  0.18055262 0.         0.18657796 0.18541465]
 [0.2011334  0.20194804 0.19593466 0.2203641  0.35307004 0.18938029
  0.17990952 0.18657796 0.         0.21404632]
 [0.1698488  0.14752223 0.10618707 0.25285057 0.36933958 0.08190469
  0.12058203 0.18541465 0.21404632 0.        ]]